time,x,y,z,phi,theta,psi,x_velocity,y_velocity,z_velocity,phi_velocity,theta_velocity,psi_velocity,rotor_speed1,rotor_speed2,rotor_speed3,rotor_speed4
0.06,-3.14880276891e-05,9.71275573926e-05,10.069939163,0.00576318908896,0.00230076319456,0.0,-0.00194545180061,0.00578797080031,2.32969231862,-0.0275043046351,0.0154799022617,0.0,899.352611512,-899.956564559,-900.656763328,899.566592162
0.12000000000000001,-0.00038186886221,0.00123296399319,10.2790350618,0.0232463691948,0.00466721014591,0.0,-0.0106543233472,0.039605504067,4.63382204972,-0.0766249887235,0.027495076967,0.0,899.827517294,-900.22323201,-901.087943578,899.19027517
0.18,-0.00145211788237,0.00572613522943,10.6247738227,0.0313017016454,0.00656679288995,0.0,-0.0258045435871,0.113368093832,6.88010854746,-0.11679649662,0.0206294767089,0.0,900.077760006,-899.642622592,-901.04243886,899.571152847
0.23999999999999996,-0.00358637755203,0.0150675208788,11.1028490026,0.027375748876,0.00957532836332,0.0,-0.0463771870384,0.196027830472,9.04134051998,-0.137239249505,0.0340782525303,0.0,899.905163009,-900.227255402,-900.414920231,899.803056953
0.3,-0.00717876971123,0.0288944899617,11.707449116,0.0191850720936,0.0129488227743,0.0,-0.0744400383413,0.261240729016,11.0944957168,-0.140831605633,0.045587563686,0.0,899.978216322,-900.159853592,-900.016366132,900.146727704
0.36000000000000004,-0.0127486778376,0.0459286790722,12.4315075829,0.0119107115263,0.0220528316156,0.0,-0.114168099216,0.303547018815,13.0208739713,-0.153932851011,0.072069417288,0.0,899.703813886,-900.433157906,-900.123764482,899.927209567
0.4200000000000001,-0.0212920455531,0.0649186667066,13.2669717864,0.00575433811557,0.030650228443,0.0,-0.173009654719,0.327114960139,14.8064595358,-0.174374106158,0.0935583052246,0.0,900.000795277,-900.474379267,-899.848935796,899.407553228
0.48000000000000015,-0.0338498384893,0.0848242158326,14.2051398371,6.28008777997,0.0396767351671,0.0,-0.247748595084,0.333439236518,16.4435789229,-0.189502867452,0.112644226618,0.0,900.03847526,-900.365809391,-899.56453567,899.3857564
0.5400000000000001,-0.0513223840319,0.104520358712,15.2369843496,6.27074708857,0.0490825607972,0.0,-0.336570894583,0.320309361496,17.9289524533,-0.175074027134,0.129320921185,0.0,899.846279501,-900.031881391,-898.838689442,899.902499249
0.6000000000000002,-0.0745442807576,0.122888611457,16.3534823769,6.2603939432,0.0631437148349,0.0,-0.440309478533,0.289306536198,19.2658504357,-0.171915957327,0.155654240754,0.0,899.786241794,-900.323278224,-899.089008933,899.74013568
0.6600000000000003,-0.104512504111,0.138889210857,17.5458649877,6.25007259018,0.0737390230344,0.0,-0.560078149895,0.241806784721,20.459424134,-0.172726982986,0.166805697762,0.0,900.063673456,-899.951900617,-899.40489094,899.933074574
0.7200000000000003,-0.14197387542,0.151656457927,18.805733025,6.24416673099,0.0877103762841,0.0,-0.690573289109,0.183021680951,21.5166309918,-0.19707832129,0.187453627452,0.0,900.009343667,-900.250937247,-899.717660625,899.324199816
0.7800000000000004,-0.187727306822,0.160761096313,20.1251768117,6.23973782824,0.111479690583,0.0,-0.83837233847,0.120228156198,22.4468184752,-0.228088471198,0.225039337497,0.0,899.437045487,-900.340358098,-900.024439523,899.385550318
0.8400000000000004,-0.243089176932,0.166044422479,21.4969178265,6.2354670177,0.132915270988,0.0,-1.00983077646,0.0557630053917,23.261516045,-0.262918380754,0.254720265519,0.0,899.783413569,-900.348880855,-900.064978921,899.289284072
0.9000000000000005,-0.309281510255,0.167486380841,22.9143460519,6.23895736574,0.152566189185,0.0,-1.19863936975,-0.00619042070272,23.9712742967,-0.312214188424,0.276449530886,0.0,900.281027597,-900.509067889,-900.054951015,898.704182779
0.9600000000000005,-0.387213037871,0.165457288656,24.3714895903,6.23867860429,0.17198910894,0.0,-1.40087780933,-0.0608155667734,24.5870288635,-0.360487689874,0.293740465282,0.0,900.096933202,-900.132031601,-900.412108118,899.107347893
1.0200000000000005,-0.477626526307,0.160231089846,25.8630149546,6.23457645815,0.189706827308,0.0,-1.61425001141,-0.113489064291,25.1188887043,-0.407565108233,0.296120595037,0.0,900.262416691,-899.681163632,-900.378842636,899.121290502
1.0800000000000005,-0.58110987313,0.151795175859,27.3842007111,6.22817509652,0.207514511038,0.0,-1.83649708339,-0.16816585718,25.5771572419,-0.455325313899,0.297460733415,0.0,900.061713373,-899.424894881,-900.537383534,899.246665586
1.1400000000000006,-0.698201327265,0.139976673937,28.9309724846,6.22286143253,0.225361615916,0.0,-2.06782374037,-0.226014844774,25.9729696967,-0.507928939683,0.297492154833,0.0,900.429063881,-899.727509501,-900.857130628,899.359431222
1.2000000000000006,-0.829432637898,0.12456758669,30.4997757067,6.20803836621,0.243221796385,0.0,-2.30789356753,-0.289300976378,26.3128720525,-0.55248739982,0.297974981942,0.0,900.31408278,-899.620749459,-900.804059159,899.616052622
1.2600000000000007,-0.975345177523,0.10500488903,32.0875174944,6.19191005593,0.261098101648,0.0,-2.55725470357,-0.364574264472,26.6053001865,-0.598900273436,0.297903346118,0.0,900.257681195,-899.533759285,-900.980555718,899.699863251
1.3200000000000007,-1.13651682829,0.0804962661871,33.6915668004,6.1662859629,0.279415297859,0.0,-2.81678352641,-0.455575590946,26.8576562002,-0.635297651499,0.304095648408,0.0,900.23811769,-899.761837851,-900.78814731,899.892392181
1.3800000000000008,-1.31364034476,0.0498232978708,35.3097455047,6.13325605887,0.302291758322,0.0,-3.09010864626,-0.57127781747,27.0775912083,-0.661239919474,0.326497964096,0.0,900.071020144,-900.250109434,-900.329647655,899.839128578
1.4400000000000008,-1.50774045435,0.0112534927577,36.9403649669,6.09395354091,0.323243511578,0.0,-3.38260731446,-0.720008508331,27.2731675531,-0.669231115319,0.338136592344,0.0,900.578586924,-900.325911967,-899.733657782,899.958011821
1.5000000000000009,-1.71997376759,-0.0374053579301,38.5821020654,6.05387448242,0.346222931417,0.0,-3.69518836473,-0.907994242496,27.4487496888,-0.667206312373,0.354945028691,0.0,900.490828566,-900.451371468,-899.455659041,900.082948408
1.560000000000001,-1.95163628978,-0.0985732253871,40.2338153668,6.01383638908,0.367629987182,0.0,-4.03010587027,-1.13716489381,27.6058118101,-0.66753055099,0.357573827121,0.0,900.474561893,-899.866331403,-899.412219755,899.944739839
1.620000000000001,-2.20406465244,-0.174758129573,41.8944425275,5.97482545722,0.390334273076,0.0,-4.38772646335,-1.4084939217,27.7458370647,-0.679976832229,0.368676183724,0.0,900.38238498,-900.120204533,-899.647760091,899.685154198
1.680000000000001,-2.47867213409,-0.268444885375,43.5629313379,5.94009212296,0.412597614567,0.0,-4.76915576415,-1.71959870886,27.867378911,-0.708186759173,0.371782709131,0.0,900.450109393,-899.868841853,-900.123089206,899.508144342
1.740000000000001,-2.77683326834,-0.381872303675,45.2380600989,5.9031304875,0.435003098105,0.0,-5.17303805119,-2.0669884175,27.9671561533,-0.735179375689,0.374219944638,0.0,900.483776331,-899.877680574,-899.744490804,899.15629004
1.8000000000000012,-3.099946664,-0.517304163641,46.9185363448,5.86580368083,0.458208950346,0.0,-5.60108115312,-2.45305640254,28.0453588552,-0.764941975259,0.382595406826,0.0,900.435826895,-900.073520356,-899.764633429,899.040622245
1.8600000000000012,-3.44951465258,-0.677099078525,48.6030257517,5.82417185972,0.481416811543,0.0,-6.05516533725,-2.88002938399,28.1007459784,-0.78880204638,0.375765624236,0.0,900.626933718,-899.652806817,-899.961475283,899.452213409
1.9200000000000013,-3.82714582808,-0.863862603632,50.2900875866,5.7807262618,0.506137956166,0.0,-6.53691613833,-3.35225533673,28.1306491597,-0.811626606832,0.390762407987,0.0,900.235824149,-900.148446313,-899.894779181,899.404555629
1.9800000000000013,-4.23457347852,-1.08037713585,51.9780864057,5.73287347138,0.529621858523,0.0,-7.04839503737,-3.87260856354,28.1314111805,-0.82297520661,0.387116455873,0.0,900.725222735,-899.890612114,-899.463057379,899.417302532
2.0400000000000014,-4.67358512141,-1.32966943725,53.6651636435,5.68394769797,0.553289525039,0.0,-7.58971296741,-4.4446605671,28.0991122858,-0.831653082253,0.378546775837,0.0,900.917984093,-899.886158534,-899.536550583,899.58574113
2.1000000000000014,-5.14594460756,-1.61477889634,55.3491533237,5.63441190242,0.576601586866,0.0,-8.15972244889,-5.06607872569,28.0276626374,-0.8261424802,0.385905958839,0.0,900.384515071,-900.000014223,-899.468972244,900.085434674
2.1600000000000015,-5.65333257178,-1.93854781651,57.0275472975,5.58554920068,0.600717255812,0.0,-8.75719569934,-5.73231349163,27.9118251018,-0.81806408074,0.39550880561,0.0,900.567177908,-900.280141392,-899.267978577,899.990555972
2.2200000000000015,-6.19735496509,-2.30341768733,58.6975398306,5.5399025213,0.625890386827,0.0,-9.38038786188,-6.43410964721,27.7470786386,-0.839614817569,0.407517252485,0.0,900.480328824,-900.297474682,-899.995321491,899.513942725
2.2800000000000016,-6.77952794674,-2.71120606412,60.3560865566,5.49143983131,0.65598580685,0.0,-10.0301635356,-7.16280809056,27.5296701449,-0.856025449515,0.432366748257,0.0,900.243304003,-900.589060145,-899.876704629,899.583747025
2.3400000000000016,-7.40158314372,-3.16339874286,61.9999208671,5.44786555359,0.681916907837,0.0,-10.7075958947,-7.91164561342,27.2565880335,-0.88782372638,0.430782184206,0.0,900.587623772,-899.872551435,-900.505687007,899.568729457
2.4000000000000017,-8.0648193488,-3.66079878076,63.6256955479,5.4015382788,0.707986819021,0.0,-11.4028847205,-8.66959656814,26.9273503345,-0.917917331673,0.434890182127,0.0,900.583125064,-900.098198014,-900.591587102,899.694731659
2.4600000000000017,-8.77028902462,-4.20384121312,65.2299636977,5.3567103027,0.736724643534,0.0,-12.115460028,-9.43149789044,26.5397229652,-0.954210042098,0.415832701191,0.0,900.895835407,-899.471349621,-900.658901792,899.479832972
2.520000000000002,-9.5189925913,-4.79252961726,66.8092028047,5.30615869183,0.761697672605,0.0,-12.8434074074,-10.1918502537,26.0925739155,-0.983798734546,0.416683682259,0.0,900.12204389,-899.497266769,-900.483410715,899.54171902
2.580000000000002,-10.3118084524,-5.42691243782,68.3597385304,5.24875983806,0.787457944703,0.0,-13.5866953087,-10.955229205,25.5820457678,-0.999039646,0.405861177573,0.0,900.259703576,-899.161198321,-900.094265654,899.707064837
2.640000000000002,-11.1497676367,-6.10718464203,69.8776422982,5.19324152455,0.814391348437,0.0,-14.3474545571,-11.7194440539,25.0050799931,-1.02331867166,0.422300729228,0.0,899.792564608,-899.798024225,-900.31109766,899.537696779
2.700000000000002,-12.0337988579,-6.83299596379,71.3589609239,5.13679634269,0.84399608202,0.0,-15.1225593675,-12.4718576706,24.3625597921,-1.04893683101,0.443757204518,0.0,899.579699424,-899.796178761,-900.244104432,899.389565798
2.760000000000002,-12.9649029461,-7.60337548141,72.7997718838,5.07845550877,0.885193247104,0.0,-15.9187177349,-13.2031480992,23.6545338391,-1.07365768894,0.484387289412,0.0,899.476317081,-900.481835603,-900.257349274,899.410808466
2.820000000000002,-13.944855405,-8.41658604802,74.1960696084,5.01747481878,0.95019586825,0.0,-16.7556624945,-13.8962245197,22.8781733943,-1.09521559384,0.54886513299,0.0,899.003159764,-901.001077783,-900.188503902,899.440757083
2.880000000000002,-14.9767523271,-9.26971722594,75.5436826527,4.95308445023,1.00372142445,0.0,-17.6464782415,-14.5330640988,22.0322836311,-1.10907936142,0.597386648917,0.0,899.208242747,-900.59745723,-900.167946118,899.706244653
2.940000000000002,-16.0631112999,-10.1592143935,76.8386249421,4.89150827757,1.05450374273,0.0,-18.568391739,-15.1064713541,21.1243528149,-1.13473376712,0.638539607702,0.0,899.529006306,-900.648602748,-900.409201572,899.448587008
3.000000000000002,-17.2053979836,-11.0809713662,78.0774963003,4.82349489335,1.1059315791,0.0,-19.5103855311,-15.6075703603,20.1634778977,-1.13909118575,0.677025001278,0.0,899.908547813,-900.944966396,-900.331531523,900.212715245
3.0600000000000023,-18.4047116074,-12.0303678139,79.2572592895,4.75822737476,1.16779046126,0.0,-20.4696191175,-16.0248143364,19.1562908545,-1.15955466387,0.726316675989,0.0,900.023474363,-901.524869289,-900.511917448,899.730662786
3.1200000000000023,-19.6621196382,-13.0017799157,80.3756016903,4.69626641643,1.23957161149,0.0,-21.4470048283,-16.3387853129,18.1187506519,-1.19100952878,0.78329768127,0.0,899.745755429,-901.596658364,-900.707393479,899.452725368
3.1800000000000024,-20.9786849899,-13.9885759941,81.4311717608,4.62554485716,1.30960798031,0.0,-22.4402441416,-16.5374208977,17.0648362661,-1.20171099639,0.834684903301,0.0,899.66287911,-901.332025897,-900.238716793,899.794393422
3.2400000000000024,-22.3550036243,-14.9838582118,82.4232613693,4.5541422851,1.37160085713,0.0,-23.4349610642,-16.6228197959,16.0050949001,-1.19367850796,0.871306102655,0.0,899.61788232,-900.728357383,-900.217707765,900.529008126
3.3000000000000025,-23.7904794924,-15.9810134014,83.3520357156,4.48935762527,1.44033786381,0.0,-24.411701006,-16.5989940991,14.9576692267,-1.16622243753,0.914557612926,0.0,899.065149432,-900.476025233,-899.778776281,900.899620152
3.3600000000000025,-25.2839760184,-16.9733440581,84.2188586558,4.41947303631,1.51465350875,0.0,-25.369058374,-16.4615122727,13.9421622954,-1.1639569454,0.96166741472,0.0,898.940265039,-900.546585431,-899.875576016,900.004856449
3.4200000000000026,-26.8342522319,-17.9540388131,85.026083428,4.35098499966,1.58406697122,0.0,-26.3017517869,-16.2132770497,12.973196263,-1.15238628694,0.997971656054,0.0,899.272509265,-900.481433523,-899.294344346,899.81079955
3.4800000000000026,-28.439334804,-18.916920545,85.7768951337,4.28219676313,1.64873919208,0.0,-27.1939051114,-15.8702797715,12.0632071544,-1.14696445441,1.02078120059,0.0,899.451802417,-900.142574924,-899.209307546,899.493943659
3.5400000000000027,-30.0965052314,-19.8567658939,86.4751336318,4.21368640832,1.71656908753,0.0,-28.0380448608,-15.4462413097,11.222718161,-1.14198496279,1.04770682356,0.0,899.160700542,-900.038877291,-899.499691768,899.779092793
3.6000000000000028,-31.8028791277,-20.7688947068,87.1253590617,4.14519880065,1.78660027202,0.0,-28.8339187044,-14.9475116136,10.4645891177,-1.14547099391,1.07585446676,0.0,899.149985987,-900.103666421,-899.637320654,899.580986372
3.660000000000003,-33.5556097837,-21.6490189106,87.7329031513,4.07650659747,1.86144985927,0.0,-29.583630033,-14.3798729866,9.80232004796,-1.14427659399,1.10982064891,0.0,899.430494272,-900.650909562,-899.659676249,899.793265545
3.720000000000003,-35.3518516991,-22.4932216749,88.3039042317,4.0081966429,1.92975719448,0.0,-30.2824720393,-13.7536696785,9.24657335454,-1.13892583363,1.12302303028,0.0,899.680688522,-900.091290294,-899.621037239,899.927422889
3.780000000000003,-37.1882575927,-23.2986496249,88.844778107,3.94047737959,1.99739992052,0.0,-30.9221427041,-13.0892521576,8.79895956933,-1.13145110488,1.12754545907,0.0,899.737931684,-899.807669961,-899.622962096,900.024662429
3.840000000000003,-39.0612662656,-24.063360797,89.3622060125,3.87348672552,2.06611466586,0.0,-31.5025370752,-12.3978068464,8.46625037267,-1.12221718329,1.13769011825,0.0,899.927995409,-900.232421663,-899.643410215,900.126524336
3.900000000000003,-40.9673439098,-24.7859990306,89.8633439841,3.80625947349,2.13538615591,0.0,-32.0240419642,-11.6884734841,8.25699394652,-1.12719123463,1.14755566584,0.0,900.402923607,-900.709415147,-900.358436855,900.270391776
3.960000000000003,-42.9027910767,-25.4658475539,90.3557663981,3.74206880962,2.2049078565,0.0,-32.481328643,-10.9726973562,8.17666697328,-1.1487556094,1.1553799255,0.0,900.614826337,-900.853548426,-900.434688162,899.658233646
4.020000000000002,-44.863670869,-26.1028360843,90.8473754337,3.67316682913,2.27427098476,0.0,-32.8705070516,-10.2627427079,8.23019617756,-1.14788164102,1.15666642079,0.0,900.468652437,-900.45564275,-900.323604039,900.433048719
4.080000000000001,-46.8456744465,-26.6978643884,91.3462676861,3.60489919652,2.34394842779,0.0,-33.1847016804,-9.57592838711,8.41987075711,-1.15770229744,1.16134422937,0.0,900.461896415,-900.595613101,-900.717543176,900.384508051
4.14,-48.8440775087,-27.2527337931,91.8606676775,3.53629438068,2.41599645886,0.0,-33.4161505295,-8.92590604986,8.74816049941,-1.16913071514,1.17702858813,0.0,900.075096676,-900.673753627,-900.382947627,899.962583422
4.199999999999998,-50.8537179302,-27.7700418034,92.3990863306,3.46615812112,2.48863532483,0.0,-33.5577523608,-8.32666064344,9.22021245191,-1.16860516913,1.19141870027,0.0,900.010707803,-900.587835366,-900.284345604,900.327138365
4.259999999999997,-52.8688999088,-28.2533820166,92.9700345073,3.39728298971,2.56017444089,0.0,-33.5995825704,-7.79603436678,9.83108274795,-1.15754237422,1.19299431927,0.0,900.08475788,-900.16926886,-900.272151298,900.73352814
4.319999999999996,-54.883333112,-28.7073587141,93.5814714895,3.3285378715,2.63190644466,0.0,-33.5314268911,-7.3501172197,10.5685459047,-1.1494473486,1.18736564439,0.0,899.970907125,-899.777167248,-899.774886719,900.114175165
4.379999999999995,-56.8901880001,-29.1374784827,94.2407645535,3.26036099533,2.70440832032,0.0,-33.3454770499,-7.00277362618,11.4246681094,-1.14083312221,1.19850152293,0.0,899.849490194,-900.350188753,-899.666702963,900.021204129
4.439999999999993,-58.8820773696,-29.5500445118,94.9546743208,3.19189795944,2.77787093188,0.0,-33.0309759311,-6.76692527462,12.3870099411,-1.14239250248,1.21098450254,0.0,899.691383047,-900.27956644,-899.972330632,899.903454711
4.499999999999992,-60.850981086,-29.95211433,95.7291013965,3.12427954714,2.85127628852,0.0,-32.5780601818,-6.65426704699,13.4388667547,-1.13298285003,1.21929997272,0.0,899.710262397,-900.163593016,-899.879662256,900.23806306
4.559999999999991,-62.788363601,-30.3513127268,96.5687923938,3.05711116818,2.92491752584,0.0,-31.9791729402,-6.67207172918,14.5591853784,-1.14413846292,1.22578104717,0.0,899.587074376,-899.996848323,-900.681271631,900.190274689
4.6199999999999894,-64.685254315,-30.7556379255,97.4771413698,2.98875821329,2.99905876546,0.0,-31.2273964401,-6.82599316148,15.7237936115,-1.1514414495,1.23308424076,0.0,899.734284186,-900.207366392,-900.519738791,900.151089548
4.679999999999988,-66.5323190139,-31.1733481801,98.4560840517,2.92214503667,3.07319690238,0.0,-30.3178356812,-7.11755323906,16.9086705685,-1.16992568677,1.22745706261,0.0,900.079684593,-900.055322685,-901.0050047,900.148472241
4.739999999999987,-68.3199606579,-31.6125154456,99.5060629111,2.85783001448,3.15062270973,0.0,-29.2448896813,-7.54003743052,18.089238159,-1.19772907332,1.20492882393,0.0,900.334908637,-899.635209462,-900.886710671,899.601792231
4.799999999999986,-70.0381383239,-32.0807780454,100.626235512,2.78921741394,3.22751061926,0.0,-28.0028448941,-8.08706719249,19.2437096441,-1.21873167206,1.180221594,0.0,899.998456981,-899.205555685,-901.03071591,899.963629907
4.859999999999984,-71.6769460902,-32.5854678858,101.814124138,2.71746243607,3.29859710054,0.0,-26.6030345887,-8.75243392423,20.3413140445,-1.232821516,1.17318406367,0.0,899.899531697,-899.820923727,-901.046522554,900.212200239
4.919999999999983,-73.2275491027,-33.1332816194,103.065441623,2.64387726752,3.37069451853,0.0,-25.0630814111,-9.52243345049,21.3557090134,-1.24094274819,1.18632464624,0.0,899.53706164,-900.294716366,-901.201847793,900.573598032
4.979999999999982,-74.6816410708,-33.7300073576,104.374770746,2.57146027365,3.44207060958,0.0,-23.3874119943,-10.3794847324,22.2733208498,-1.25784841313,1.18013771424,0.0,900.114908292,-900.118761635,-901.481659092,900.463286605
5.0399999999999805,-76.0313672468,-34.3801868265,105.735985077,2.49889316692,3.51427817138,0.0,-21.5849809214,-11.3010575042,23.0841491293,-1.27776790402,1.16592518001,0.0,900.162006673,-899.849653368,-901.809924043,900.626212108
5.099999999999979,-77.2693150759,-35.0870260855,107.142512766,2.42837900118,3.58642132017,0.0,-19.662950411,-12.2643495194,23.7833568764,-1.30617610585,1.14847736841,0.0,900.568725402,-900.12585007,-901.916140393,900.338343606
5.159999999999978,-78.3886379484,-35.8522842585,108.587606156,2.3570909697,3.65790392909,0.0,-17.6327426617,-13.2451928947,24.369797429,-1.33656476981,1.129659535,0.0,901.005276185,-900.503160565,-901.712443358,899.99509019
5.219999999999977,-79.3833360095,-36.6763871525,110.06455221,2.28068766995,3.72567944935,0.0,-15.5124269292,-14.2238764457,24.8462781956,-1.35913834331,1.12933323947,0.0,900.31299773,-900.559643091,-901.400519903,899.943178656
5.279999999999975,-80.2485956267,-37.5588315086,111.567086396,2.20233082153,3.79342894432,0.0,-13.3195227124,-15.1875157987,25.2246343813,-1.37995742359,1.12824971043,0.0,900.179184039,-900.408352113,-901.59254969,900.160871491
5.339999999999974,-80.9803393991,-38.4982724329,113.089757657,2.11952175494,3.86133341496,0.0,-11.0631870132,-16.1221704169,25.5201911986,-1.38068120246,1.12190167039,0.0,900.227808678,-900.253743015,-901.338945027,900.686106004
5.399999999999973,-81.5750628149,-39.4926269245,114.628168431,2.03776341652,3.92879475006,0.0,-8.75385158337,-17.0160679785,25.7523845111,-1.37042324544,1.12504975403,0.0,899.902414781,-900.321033267,-901.040499992,900.823862503
5.4599999999999715,-82.0298748148,-40.5390837892,116.179156111,1.95750712234,3.99782953209,0.0,-6.40022201461,-17.8570378923,25.9425223469,-1.35620997929,1.13744796175,0.0,899.712848804,-900.523163592,-900.820855916,900.7713279
5.51999999999997,-82.3423300993,-41.6341198794,117.740844564,1.87702280769,4.06654693586,0.0,-4.01025120181,-18.6347659985,26.1127881914,-1.34702087585,1.14384481475,0.0,899.622519172,-900.210346,-900.582321715,900.340119331
5.579999999999969,-82.510538755,-42.7738171596,119.312772674,1.80538769551,4.13521436113,0.0,-1.59364648586,-19.3435085102,26.2863753951,-1.31500845249,1.14021355396,0.0,899.781179198,-899.970123064,-900.184066513,900.886122912
5.639999999999968,-82.533248313,-43.9537137524,120.895703939,1.73068351413,4.20381779707,0.0,0.838108007669,-19.9757931214,26.4837144329,-1.29374701561,1.13406913512,0.0,899.982843434,-900.062642952,-900.262532582,900.571873579
5.699999999999966,-82.4098752198,-45.1693925062,122.49185119,1.66421951862,4.27184875908,0.0,3.27355253144,-20.53492657,26.72934453,-1.25834363,1.13288031589,0.0,900.046167118,-900.315039712,-900.16540058,901.088784333
5.759999999999965,-82.1406341644,-46.4163124607,124.104650148,1.59602659262,4.34000125736,0.0,5.69847428737,-21.018917961,27.0426816787,-1.22991979691,1.12685866452,0.0,900.312336336,-900.370763578,-900.528955533,901.226226155
5.819999999999964,-81.7266209497,-47.6903334364,125.738961669,1.52475772408,4.41007115905,0.0,8.09775563841,-21.4406317327,27.4505494546,-1.21368241743,1.10842871152,0.0,900.364518831,-899.894548239,-900.44110257,900.69189368
5.879999999999963,-81.1697162342,-48.9882783463,127.401271383,1.45317689369,4.480802401,0.0,10.458921745,-21.8192894789,27.9794990919,-1.20264465034,1.12977671229,0.0,899.591347195,-900.708092288,-900.373950198,900.45025725
5.939999999999961,-80.4727295752,-50.308125052,129.09954703,1.38205463909,4.55452033949,0.0,12.7647284855,-22.1731243795,28.6527000844,-1.19265140559,1.15528026316,0.0,899.624735329,-900.916197316,-899.95012067,900.018522632
5.99999999999996,-79.6394742066,-51.6490457755,130.843074794,1.31048766625,4.62558956387,0.0,14.9970682576,-22.5275619545,29.4905039403,-1.19419027691,1.16863622587,0.0,900.078302925,-900.87932172,-900.530414977,900.165215835
6.059999999999959,-78.6752025485,-53.012219873,132.642215233,1.24055850605,4.69985227988,0.0,17.1285765734,-22.9186831749,30.5086234515,-1.18099031141,1.18977120718,0.0,900.237293233,-901.342400103,-900.217511858,900.483101077
6.1199999999999575,-77.5867681446,-54.4007009066,134.508169862,1.17264099483,4.77453628487,0.0,19.131665595,-23.3767646099,31.7188248484,-1.16338753381,1.20850407667,0.0,900.258291755,-901.258318248,-899.657862241,900.154036196
6.179999999999956,-76.3826873867,-55.8196617157,136.452635606,1.11059478732,4.84828987822,0.0,20.9794028869,-23.9397371135,33.1259261208,-1.13407486773,1.21958999634,0.0,900.45846692,-901.132333808,-899.215598482,900.250506187
6.239999999999955,-75.0730660124,-57.2765778193,138.487429117,1.04776370132,4.92280628879,0.0,22.6460327912,-24.6505077756,34.7292301269,-1.11025714508,1.23114469785,0.0,900.630699939,-901.297418813,-898.999929042,899.886607243
6.299999999999954,-73.6694923043,-58.782121854,140.624116789,0.98422235351,4.99763269128,0.0,24.1076359082,-25.5702317844,36.5203419801,-1.09224091802,1.24074932674,0.0,900.544044586,-901.103434905,-899.171448388,899.892352275
6.359999999999952,-72.1848825972,-60.3506393594,142.873542158,0.928820844374,5.07371690638,0.0,25.3463036801,-26.754837282,38.4864893706,-1.0585696237,1.25363685188,0.0,900.169409189,-900.83218428,-898.995518607,900.421737838
6.419999999999951,-70.6327662492,-61.9993626708,145.245954938,0.867209140945,5.15492923672,0.0,26.3545343038,-28.2568639552,40.6148854936,-1.0446451064,1.27928595668,0.0,900.346823136,-901.504481359,-899.477839118,900.179110864
6.47999999999995,-69.0276171676,-63.7499623558,147.749962351,0.808120977032,5.23396122133,0.0,27.1136327009,-30.1612144629,42.8683127971,-1.02507971875,1.29466058596,0.0,900.310591138,-901.037526146,-899.302329299,900.295702999
6.5399999999999485,-67.3844091341,-65.6288054964,150.392011361,0.746777822199,5.31445988938,0.0,27.6219473758,-32.5449002626,45.2083733578,-1.02180427813,1.3119001061,0.0,900.273406862,-901.05140441,-899.797865612,900.19391665
6.599999999999947,-65.7183091905,-67.6673170069,153.175691604,0.687817506544,5.39417129066,0.0,27.8788597893,-35.4950585846,47.5837257275,-1.00620647157,1.32172336689,0.0,900.207065587,-900.658403579,-899.713378945,900.664071369
6.659999999999946,-64.0439254352,-69.9019700009,156.101902105,0.627949106085,5.47533466186,0.0,27.8994582526,-39.0976747955,49.9505659455,-0.999592499834,1.33552238743,0.0,900.181723476,-900.762866015,-899.989514421,900.637093284
6.719999999999945,-62.3750798547,-72.3750176307,159.168319547,0.568585408399,5.55760919327,0.0,27.697694199,-43.4575111428,52.2495749511,-0.99219015991,1.35041368113,0.0,899.798928351,-900.397937313,-900.075687397,900.809873757
6.779999999999943,-60.7243373465,-75.1353519869,162.369320273,0.509426936737,5.64224801217,0.0,27.3003794594,-48.6934618636,54.4288498099,-1.00014515536,1.3700784001,0.0,899.534414694,-900.304442611,-900.419126092,900.580790939
6.839999999999942,-59.1024215151,-78.2398392226,165.696304084,0.452408067218,5.72680097904,0.0,26.7433617459,-54.953966792,56.446156173,-1.02031682362,1.3857150553,0.0,899.8533862,-900.441784878,-900.807926977,900.507514486
6.899999999999941,-57.5178634681,-81.755747711,169.138184889,0.391197803125,5.80993048116,0.0,26.0555860703,-62.4446594821,58.2361542716,-1.02283038309,1.38386616288,0.0,900.450990105,-900.299500435,-900.300689222,900.745410188
6.95999999999994,-55.97810574,-85.7650644472,172.677101269,0.330456792993,5.89412007757,0.0,25.2568435866,-71.4477919593,59.6699905435,-1.01531597513,1.39453085089,0.0,900.156922436,-900.463466309,-899.918239914,900.821754401
7.019999999999938,-54.4883796547,-90.3694939332,176.289416305,0.269612316536,5.98071728109,0.0,24.3947805592,-82.3514130681,60.6682778793,-1.01962034659,1.41211379066,0.0,900.323229359,-900.876649509,-899.900052656,900.380963493
7.079999999999937,-53.0511200405,-95.699596659,179.945504475,0.208430547565,6.06655843885,0.0,23.514183587,-95.7441481415,61.10594628,-1.02096850322,1.42255963838,0.0,900.441016134,-900.674173252,-899.651328654,900.302696083
7.139999999999936,-51.666065301,-101.930637891,183.606874357,0.149054647713,6.15585092765,0.0,22.6634293334,-112.557125662,60.8251695871,-1.0071297998,1.44314011686,0.0,900.105014155,-900.713150703,-899.237156646,900.564333873
7.1999999999999345,-50.3297190179,-109.311020777,187.22489322,0.0890034194267,6.25133456285,0.0,21.8977560515,-134.353178921,59.6051645627,-1.01509720166,1.47463606133,0.0,900.084475106,-901.113887448,-899.750329702,900.259210656
7.259999999999933,-49.0355105449,-118.215722726,190.730586687,0.0332887350289,0.06877862605,0.0,21.2656324371,-163.92906848,57.0288367125,-1.04127836171,1.51163913887,0.0,899.833064001,-901.078926342,-900.027420535,899.84280458
7.319999999999932,-47.7742048139,-129.259173108,194.021269906,6.25710845349,0.168900613187,0.0,20.807894249,-206.758557013,52.1688387957,-1.06180820132,1.54409509243,0.0,899.943192773,-900.993589853,-900.221425205,900.307991469
7.379999999999931,-46.5343032978,-143.552492207,196.899241717,6.21234526281,0.269915463398,0.0,20.5403711314,-275.004067434,43.0305821067,-1.11070735178,1.5746033401,0.0,899.806120298,-900.756252936,-900.519777832,899.497251906
7.439999999999929,-45.3061265044,-150.0,198.998013504,6.16772483351,0.376484652423,0.0,20.4256658503,-401.887488946,24.7572204663,-1.1633241802,1.61152055194,0.0,899.587515756,-900.790158745,-900.762741199,899.593226513
