time,x,y,z,phi,theta,psi,x_velocity,y_velocity,z_velocity,phi_velocity,theta_velocity,psi_velocity,rotor_speed1,rotor_speed2,rotor_speed3,rotor_speed4
0.06,-5.65238881903e-05,2.14702136082e-05,10.0082994056,0.00409274459128,0.0123565974554,0.0,-0.00342008203234,0.00127020304571,0.276613527467,-0.02339387849,0.0373257185031,0.0,488.2692640425438,491.0454716243462,490.70759293942416,488.96830754354124
0.12000000000000001,-0.000530521190229,0.000175373495956,10.0264786423,0.00360790297327,0.0206134327464,0.0,-0.0131908988876,0.00382493470658,0.329334612148,-0.0351625983872,0.00922734933947,0.0,422.6162775897824,420.18812983750286,422.6053607585452,421.5896620998907
0.18,-0.00182822149807,0.000484529870988,10.0529141566,0.00189577195057,0.0215052545495,0.0,-0.0301805038088,0.00626732898888,0.551765940677,-0.0293516690529,0.00154496986545,0.0,474.2365666599934,473.64609582677207,474.5487583775749,474.9941685663336
0.23999999999999996,-0.00413456850888,0.000913808702294,10.0913503262,0.00451279550864,0.0218180994389,0.0,-0.0467266245286,0.00831410236689,0.729341167908,-0.00759929915992,0.0056230426913,0.0,460.77304527573347,461.0952220604237,460.7159110914908,462.43228391327244
0.3,-0.00743951723173,0.00152972750215,10.1402689415,0.00750726132531,0.0225022801403,0.0,-0.0635216634704,0.012577514077,0.901155045101,-0.0291829233636,-0.00213858361034,0.0,459.5058918559161,458.89021458798413,461.1498900363716,459.44212494666033
0.36000000000000004,-0.0116601489436,0.00241287426726,10.1943302469,0.00615007137455,0.0265117016169,0.0,-0.07749729856,0.0167494842364,0.900881174477,-0.0373612358462,0.0189766517725,0.0,404.27846002434273,406.1762711153123,404.62576532968717,403.88843743028303
0.4200000000000001,-0.0168956883454,0.00354332856077,10.2512442737,0.00570836618033,0.0368612996241,0.0,-0.0981018822374,0.020903096572,0.996140925472,-0.0533072062414,-0.0154913339458,0.0,437.31912453482306,434.43894263788656,437.4579262087508,436.12720693888383
0.48000000000000015,-0.0237685158697,0.00494320123404,10.318893773,0.00537054074628,0.0468671408595,0.0,-0.132199738584,0.0257401063547,1.25853997383,-0.0730740193034,0.0195534015455,0.0,484.99345137726715,487.6181815633557,488.26056861151886,486.7815917484187
0.5400000000000001,-0.0327805965809,0.00659598930518,10.3996269824,0.00212028046122,0.0485767934573,0.0,-0.168379406657,0.028972905946,1.43235574881,-0.0625465801271,0.0264659053409,0.0,462.29451276820123,462.83880646301316,460.1390348161038,460.96809702807235
0.6000000000000002,-0.043845531876,0.00836841206692,10.4875484544,6.28299394716,0.0503983998108,0.0,-0.200631679595,0.0298975837624,1.49826449774,-0.0769522700585,0.0198363947285,0.0,427.4326880619994,426.8674906053885,430.0161695125326,428.79063734404707
0.6600000000000003,-0.0572319428476,0.0101623014999,10.5859009203,0.00126639916662,0.0571045723949,0.0,-0.246394842754,0.0300536198288,1.77970703972,-0.0511262405136,0.0443920303926,0.0,492.75459812317496,494.5665313322111,492.59304081833756,494.49592804523
0.7200000000000003,-0.0729598756863,0.0119766918684,10.6910660988,6.28139160357,0.0663730824582,0.0,-0.278588491989,0.0301833214458,1.72583451299,-0.0507977105629,0.0713704194583,0.0,387.8546125975962,390.38240454034946,388.27887665640793,388.3076219943327
0.7800000000000004,-0.0911353867606,0.0137475330555,10.7983511645,6.28122991954,0.0752863244723,0.0,-0.328217201448,0.0288098147188,1.85006534912,-0.0333490427108,0.0465657466891,0.0,448.69255949564933,446.6773314154427,447.6150112608359,449.0314609486401
0.8400000000000004,-0.112765440393,0.015419834745,10.9171466679,6.27998807157,0.0784956815041,0.0,-0.393166626293,0.0267681750991,2.10929975014,-0.0249298424109,0.0382038086027,0.0,489.9454133000506,489.3242539325233,487.5634521005497,488.19179329774784
0.9000000000000005,-0.138253930781,0.0169580835865,11.0490056048,6.2810097836,0.100410868625,0.0,-0.458849199032,0.024645337488,2.28543265211,-0.0435524061009,0.085544158778,0.0,464.0503407170686,467.75344137376914,465.948050807986,464.4896578277767
0.9600000000000005,-0.167597463724,0.0183983436661,11.1859236877,6.2805860426,0.116987582112,0.0,-0.520667923719,0.0233423036689,2.27834783873,-0.0610059668282,0.121420866156,0.0,406.25754132905837,409.47084702961325,409.09598165535596,407.5371669913359
1.0200000000000005,-0.201182423211,0.0197354419595,11.3243175012,6.27692440589,0.136271527019,0.0,-0.600623441678,0.0208793238124,2.3344098212,-0.0610716813094,0.158184232908,0.0,427.4529785436973,430.59161926659294,430.30083628845745,430.2924832807805
1.0800000000000005,-0.240597705712,0.0208196427231,11.4710111582,6.27326851027,0.145835663346,0.0,-0.714306073403,0.0148271076839,2.55470423407,-0.0607069545433,0.153787514634,0.0,481.09989796399964,480.78811868918297,481.291858940651,481.31712607652275
1.1400000000000006,-0.28649083634,0.0214967880635,11.6267347052,6.26980477497,0.165651000833,0.0,-0.817436357561,0.00740334313932,2.63553101879,-0.0571237213507,0.116921309416,0.0,440.8023686848417,437.76434546712886,440.59178967249807,440.88541361233524
1.2000000000000006,-0.338954331657,0.0216630724321,11.7874433827,6.26769251134,0.172816685416,0.0,-0.932037185382,-0.0020522312684,2.7210429541,-0.0709439138606,0.11130575778,0.0,442.2291470867978,441.778257539306,443.7070431700023,442.5682415656022
1.2600000000000007,-0.398645720722,0.0212115086494,11.9541833895,6.26780806866,0.189742415082,0.0,-1.05942448242,-0.0129995180237,2.83626971295,-0.0492073384677,0.0750177045696,0.0,454.6736484116267,451.7654268298491,451.7864532557763,453.5327371097153
1.3200000000000007,-0.466249975403,0.020101558255,12.1275745259,6.26562633416,0.194332505449,0.0,-1.19447480817,-0.0242251349868,2.94298917159,-0.0407160873286,0.0772992624656,0.0,450.87074395538076,451.05947050205,451.8196610496911,452.502495194047
1.3800000000000008,-0.541703763606,0.018306063018,12.3055122658,6.26327336009,0.20116452541,0.0,-1.3212929563,-0.0358349668306,2.98793038843,-0.0454148141272,0.0598283398588,0.0,433.14712122071853,431.67943393779393,433.20458341776043,432.80826809901873
1.4400000000000008,-0.625203878048,0.0157469307969,12.4875506145,6.26239228562,0.210812470745,0.0,-1.46294398053,-0.049530721838,3.07946293211,-0.0615381843988,0.0856173736338,0.0,447.5372997837863,449.63504446813494,449.1761094062593,447.86497950835565
1.5000000000000009,-0.717513008878,0.0123263395033,12.6756083262,6.25890846699,0.216280920812,0.0,-1.6145319974,-0.0648306170812,3.18857771422,-0.0678822577958,0.0908363450011,0.0,455.659350816462,456.08250330578693,454.90441860921317,454.3932568820918
1.560000000000001,-0.81883102426,0.00794080415087,12.8692114633,6.25565078127,0.223642686085,0.0,-1.76340817644,-0.0816506355589,3.26434591729,-0.0790461771141,0.104828878812,0.0,444.91128192256315,446.06323211595674,446.7810243068795,445.8659102088024
1.620000000000001,-0.929048083602,0.00250045906572,13.0664957891,6.25127403383,0.230957929032,0.0,-1.91117553819,-0.100098744118,3.31134588382,-0.0735113801399,0.0924701554758,0.0,438.48603869266844,437.4670412891285,437.26170719664253,437.717742260854
1.680000000000001,-1.04871083455,-0.00418751592918,13.2684145014,6.24726140178,0.236579745103,0.0,-2.0781061199,-0.123218094764,3.41863765469,-0.0817266322724,0.0880642455989,0.0,456.95363060052983,456.6089621894803,459.5788142786354,458.92277785196677
1.740000000000001,-1.17767964334,-0.0122186036796,13.4732696196,6.24310383519,0.243108487993,0.0,-2.22143546377,-0.144822816137,3.40959287579,-0.0924647275953,0.0991448649636,0.0,420.9946008745095,421.95992859095065,421.7934180287608,420.85852957838
1.8000000000000012,-1.31531424691,-0.0215994227645,13.6773142967,6.24200254162,0.249176882663,0.0,-2.36693829868,-0.167973156899,3.39165664988,-0.0705345062082,0.101919882249,0.0,419.2732266200931,419.5235616461513,417.63210695684415,419.5342273026887
1.8600000000000012,-1.4620881536,-0.0324427007662,13.8813897112,6.23808805385,0.255286446832,0.0,-2.52609044387,-0.193809920015,3.41045452348,-0.0654459729802,0.101594510124,0.0,432.0271874327043,432.00905810759184,431.81568754746075,432.2410276842598
1.9200000000000013,-1.61974224128,-0.045113505935,14.0910906379,6.2341683608,0.264986758337,0.0,-2.72997575842,-0.228936039549,3.57846289148,-0.068159240956,0.121226444933,0.0,480.64627109173006,482.1412246076653,479.29822656410727,479.08903670593287
1.9800000000000013,-1.7890203841,-0.0598028346043,14.3076387251,6.23473293445,0.280586292533,0.0,-2.91403188428,-0.260585921055,3.63889531021,-0.0930226861545,0.151657133458,0.0,447.4347989409014,449.92132678244747,450.7687636202578,448.75026777712014
2.0400000000000014,-1.96911140834,-0.0762562547293,14.5259031245,6.24616208178,0.290588217995,0.0,-3.08989990706,-0.286886195137,3.63610132827,-0.0490269148976,0.139980373772,0.0,430.23078784827993,429.26222754138394,428.7874663892312,432.5040282672962
2.1000000000000014,-2.15975973599,-0.0941008168795,14.7433305506,6.24520368164,0.299971535311,0.0,-3.26586925659,-0.308009036151,3.6110341849,-0.0347537513991,0.149714759734,0.0,423.86381086834933,424.71984535871445,422.5296144824748,423.7572388492282
2.1600000000000015,-2.36014200951,-0.113104635174,14.9559573718,6.24356591866,0.310774801551,0.0,-3.41445311746,-0.325565004266,3.47646813418,-0.0285285655193,0.133685184453,0.0,386.434833976844,384.94365981190475,384.37893680632385,384.9679276366515
2.2200000000000015,-2.57092462234,-0.133342230846,15.1645228024,6.24244730927,0.321175384986,0.0,-3.61257450347,-0.349085572389,3.47505073346,-0.0382500403309,0.115543907755,0.0,433.48247613571675,431.9705666842765,434.1388634868424,433.32192162317915
2.2800000000000016,-2.79459338277,-0.155054261854,15.3753231389,6.25487592693,0.329385696415,0.0,-3.84378719431,-0.373354734848,3.55074046726,-0.0815012015075,0.126783511126,0.0,459.6911105271942,460.5932568312426,461.7542571542775,458.32737528443215
2.3400000000000016,-3.03227323594,-0.178013351709,15.5904231045,6.2554076214,0.339486941355,0.0,-4.07976621875,-0.39184316183,3.61821978584,-0.108237101445,0.142924788867,0.0,459.26236891154673,460.5563967705092,460.1938534008528,458.0658163790529
2.4000000000000017,-3.28523011507,-0.202163727765,15.8118394194,6.24900490481,0.362147642028,0.0,-4.35422071969,-0.413793657759,3.76020319934,-0.112962408207,0.182853623475,0.0,483.8993936041516,486.9170756510508,486.1131678127579,485.7493863826604
2.4600000000000017,-3.5555128568,-0.227798342275,16.0425231138,6.24255779669,0.378830532916,0.0,-4.65672788482,-0.441328319326,3.92708638667,-0.120575492849,0.155444782692,0.0,498.07164286783654,496.0884144178871,498.44238773083663,497.87528550262596
2.520000000000002,-3.84241411854,-0.255006444482,16.2782076985,6.24062574117,0.398758052819,0.0,-4.90821787375,-0.465695250005,3.9276001365,-0.147029824928,0.189930373024,0.0,448.4822516779537,451.30130672235015,449.6807550930844,447.51706393717785
2.580000000000002,-4.14491070951,-0.283743530865,16.5141179322,6.2318161224,0.410775151154,0.0,-5.175961219,-0.492925249416,3.93480048001,-0.149934576057,0.197446650906,0.0,454.86858913877114,455.50532698730524,454.3300096256633,454.076979586799
2.640000000000002,-4.4638796338,-0.314282068911,16.7506847363,6.22355622018,0.422708412226,0.0,-5.4572718802,-0.525680296845,3.94935333299,-0.160610984794,0.199683138154,0.0,459.3198268182598,459.5342008697815,461.20513560240465,460.3396256136067
2.700000000000002,-4.79954047535,-0.346872689609,16.9870075834,6.21390781994,0.434679418361,0.0,-5.73236209529,-0.561403385892,3.92677935263,-0.161628651867,0.198977147853,0.0,450.5158277589147,450.4970841774176,451.14052319758576,451.0341156245812
2.760000000000002,-5.1517907409,-0.381727340973,17.2214829779,6.20759365627,0.447247956429,0.0,-6.01028211894,-0.600859229637,3.88776853131,-0.14264383096,0.206552586892,0.0,448.45206349306676,449.1064467186476,446.8431298526992,448.36581939532385
2.820000000000002,-5.51988492563,-0.418872857108,17.451225977,6.20031134472,0.459838030784,0.0,-6.26054348306,-0.637774100533,3.76942526142,-0.131410914032,0.200343848778,0.0,423.16330679366666,422.67179511678466,422.4453838885225,423.39413864933795
2.880000000000002,-5.90478673841,-0.458585439473,17.6768586815,6.19447948263,0.472010053079,0.0,-6.57041383803,-0.686353156948,3.75005873599,-0.11687080842,0.194714175899,0.0,460.43350805697605,460.0248858786687,460.0570291709822,461.1931214984083
2.940000000000002,-6.30723425788,-0.501072778593,17.8986207328,6.18745813537,0.484445298022,0.0,-6.84548494086,-0.730292571713,3.64085751104,-0.117479980602,0.183935294454,0.0,432.9344712751592,432.0630924730607,432.37432323765137,432.310281448249
3.000000000000002,-6.72809552455,-0.546589836771,18.1168257312,6.18088497675,0.495515329229,0.0,-7.18397925873,-0.787342038244,3.63080863808,-0.111030981742,0.180386184466,0.0,469.94831061000446,469.7034360145572,470.4355304476661,470.92366827668553
3.0600000000000023,-7.16799103764,-0.595334218203,18.3314229207,6.17423016873,0.510263696416,0.0,-7.48024171824,-0.837795903601,3.52094085429,-0.113744268752,0.200921201217,0.0,438.82914108793364,440.56530179587367,439.48601207025,439.24973054124655
3.1200000000000023,-7.62547865733,-0.647094361823,18.5384349999,6.16752873209,0.522393244614,0.0,-7.77029726868,-0.887856739951,3.37822614142,-0.118973435232,0.19650172253,0.0,430.7487964487067,430.4151546549564,431.6716325258498,431.2176563207005
3.1800000000000024,-8.10284432465,-0.702381080739,18.7405408813,6.16070871153,0.535449201832,0.0,-8.14266491495,-0.955353766335,3.35632136262,-0.113877522628,0.182917165253,0.0,477.7879752155495,476.784085651578,477.8869823653787,478.2640840249302
3.2400000000000024,-8.60111704862,-0.761448925137,18.9382307763,6.15480385843,0.546777171992,0.0,-8.46725891584,-1.01379413144,3.23177288129,-0.125697966215,0.175098124473,0.0,446.57326389749454,445.9661328336039,447.20837775283064,446.2318460718884
3.3000000000000025,-9.11734867592,-0.823715233299,19.1253898313,6.14724997816,0.559480430616,0.0,-8.74152289995,-1.06203670043,3.00581464097,-0.126857375562,0.157614269831,0.0,412.60344523320947,411.0864895941575,411.02157962231934,410.9028852970196
3.3600000000000025,-9.65292434961,-0.889515108698,19.3030020406,6.14055112304,0.568969804292,0.0,-9.11162269475,-1.13154569239,2.91264297607,-0.117524789104,0.15410139467,0.0,465.1309165091925,464.8776356180689,464.4086736856381,465.1271664984161
3.4200000000000026,-10.2094115215,-0.959216081807,19.472434403,6.13352220544,0.579267114085,0.0,-9.43879803159,-1.19205494627,2.73361107399,-0.120762770565,0.164195898185,0.0,438.0130316809878,438.87583788701176,437.14615884284456,436.86326535269944
3.4800000000000026,-10.7874595213,-1.03298037854,19.6334661527,6.13284448302,0.5891096518,0.0,-9.83007261763,-1.26653050993,2.63198446223,-0.0938635514591,0.163575050079,0.0,470.35033250123064,470.3262519503429,469.78154851729823,471.8529463346758
3.5400000000000027,-11.3872752244,-1.11076358743,19.7852663764,6.12720071799,0.598988101688,0.0,-10.1646611927,-1.32636226705,2.4264921263,-0.094979272661,0.16539326609,0.0,437.2571842527629,437.4348591211764,436.3276529611346,436.22675671593305
3.6000000000000028,-12.0072065464,-1.19212417685,19.9242056466,6.12206768149,0.614419778857,0.0,-10.5006718269,-1.38566762885,2.20287033137,-0.0878535308204,0.189929459234,0.0,432.96458555587617,435.0544463490929,434.0180410837819,434.60844449389754
3.660000000000003,-12.6502730232,-1.27767005673,20.0531906581,6.11805358587,0.629829519546,0.0,-10.9354526959,-1.46565963426,2.09344594988,-0.101394909004,0.16674827165,0.0,484.2942391461386,482.5762418508792,483.14998996365136,482.12118801311505
3.720000000000003,-13.3181782563,-1.36767090223,20.1731442958,6.11369785772,0.643870542527,0.0,-11.3287481835,-1.53423679157,1.90246662321,-0.117045420857,0.187587465652,0.0,459.8425957230757,461.5188239534833,460.5800355273745,459.3305868881787
3.780000000000003,-14.0080032005,-1.4613352821,20.2787494604,6.12020969834,0.655223418394,0.0,-11.6664752295,-1.58741701193,1.61613277705,-0.0779274993327,0.182758769548,0.0,428.40450542039434,428.02858449625955,427.3191487683307,430.6322020272299
3.840000000000003,-14.716917989,-1.5578036736,20.3650729349,6.12111126131,0.666625796763,0.0,-11.9653116063,-1.62801011311,1.26010735349,-0.105026055157,0.188896811357,0.0,402.61593820292313,403.2080872216562,404.48267851420434,402.0265912280625
3.900000000000003,-15.4465492567,-1.65719634196,20.4329193643,6.11539018174,0.682072918715,0.0,-12.356457205,-1.68496695875,0.998701439016,-0.097794655596,0.165446105608,0.0,449.1151772783874,447.23989379513205,447.167978302571,447.74783130397947
3.960000000000003,-16.2013539811,-1.76030430465,20.4864249195,6.1099211278,0.691988627728,0.0,-12.8042121168,-1.75184575412,0.781942312964,-0.0919755405752,0.163904770493,0.0,472.4838198794577,472.3891240640586,472.87522401910473,473.31621884037185
4.020000000000002,-16.9790545772,-1.86654474152,20.5215133731,6.10717177046,0.701978273894,0.0,-13.1205352991,-1.78939267457,0.386235050568,-0.111444790896,0.167185385251,0.0,405.4165251608715,405.740147581562,405.2423070113476,403.47820474028964
4.080000000000001,-17.7789865564,-1.97563390321,20.5359995212,6.10143681088,0.712214700258,0.0,-13.5446296431,-1.84675550991,0.0939353028947,-0.123399564589,0.171091025697,0.0,454.66359280254215,455.00297509268705,455.28074610388035,454.3112755130215
4.14,-18.6042497358,-2.0880762853,20.5320851303,6.09436544613,0.722468293689,0.0,-13.9649719209,-1.90118517425,-0.227145198249,-0.131031176511,0.169753609793,0.0,450.81506170081593,450.7344182490569,450.66818176228895,450.0364325651741
4.199999999999998,-19.4567219793,-2.2041416477,20.5103592857,6.08688690027,0.735019148075,0.0,-14.4511298098,-1.96738820124,-0.500785587571,-0.139119797201,0.18544382673,0.0,477.5068146306314,478.72980309159306,478.6374617197157,478.0061449878592
4.259999999999997,-20.3396630303,-2.32438708823,20.4727779931,6.07902232098,0.746149753328,0.0,-14.980367182,-2.04046843436,-0.756077758586,-0.132616465481,0.185628247459,0.0,494.97715933123754,495.0202617612579,496.24063054589095,496.70277221055824
4.319999999999996,-21.2519558535,-2.44840550344,20.4164552309,6.07350799767,0.768458898274,0.0,-15.4293144135,-2.09283771145,-1.12589229539,-0.116654503851,0.14779356645,0.0,462.7576239028573,459.7961787773346,460.6646244846469,461.9115144325611
4.379999999999995,-22.1897112052,-2.57512257943,20.335572545,6.06707129811,0.778304078101,0.0,-15.8303667647,-2.13073743881,-1.57297550831,-0.126158916839,0.135695364642,0.0,439.7756932472784,438.7915396806369,439.1789654734937,438.37638989734785
4.439999999999993,-23.1522168527,-2.70414033542,20.2277326779,6.06213323335,0.786663229491,0.0,-16.2544232504,-2.16945902682,-2.02461580022,-0.109549084064,0.129247237922,0.0,445.98229371441295,445.47143166396665,444.8632371298958,446.20881177632924
4.499999999999992,-24.140926322,-2.83550672896,20.092672707,6.05602062338,0.794634341897,0.0,-16.703788042,-2.20897383508,-2.48062858813,-0.103221040246,0.12281235058,0.0,453.07159091118507,452.5680929035366,452.7513315127071,453.25053339525795
4.559999999999991,-25.1571780885,-2.96921761843,19.9298909995,6.05291823695,0.803695655515,0.0,-17.1724339064,-2.24743656149,-2.94906271874,-0.123718033982,0.107309475442,0.0,457.6145465642545,456.3902509072811,459.0195416341925,457.3789064050975
4.6199999999999894,-26.2018514557,-3.10512250825,19.7383117668,6.04910053575,0.810786634327,0.0,-17.651471954,-2.28212012269,-3.4405423918,-0.104084031876,0.0971796009258,0.0,458.9447846663121,458.14871809492155,457.30375594735216,458.85395972498634
4.679999999999988,-27.2757993456,-3.24303150766,19.5167031653,6.04360335622,0.817096345207,0.0,-18.1483842015,-2.31420448442,-3.95025621603,-0.0957355935906,0.0883034876418,0.0,461.80602553630905,461.1121777260936,461.0518652902782,461.70285842459685
4.739999999999987,-28.3794625871,-3.38263229708,19.2633227227,6.0393100086,0.824751303746,0.0,-18.6420869594,-2.33840048937,-4.49985944303,-0.110185235487,0.0702432304714,0.0,457.4900188397477,456.0543175276679,454.6506196181726,453.4823100084701
4.799999999999986,-29.513882597,-3.52370245821,18.9768181099,6.03299634684,0.835919990759,0.0,-19.1728889839,-2.3629511956,-5.05540645585,-0.105292006517,0.0401303902356,0.0,467.45005384924247,465.09878684920756,466.4770200922683,466.8494130720032
4.859999999999984,-30.6788770432,-3.66570305103,18.6546222773,6.03231179145,0.838317882892,0.0,-19.6635544087,-2.36969527934,-5.68816624408,-0.132519600463,0.039428925994,0.0,445.178953652376,445.1223254491752,445.92023316173675,443.67748780429827
4.919999999999983,-31.8743356653,-3.808035935,18.2939831064,6.02864382897,0.841616491239,0.0,-20.1882190114,-2.37387209448,-6.33747518899,-0.11101739494,0.0275805031537,0.0,450.4182162239452,449.4589900573773,449.03700384228875,450.764797235885
4.979999999999982,-33.1039690314,-3.95089636095,17.8952384326,6.02227587813,0.844771845113,0.0,-20.8022868298,-2.38704854329,-6.95936566001,-0.106167243482,0.0129081148169,0.0,477.7425757961738,476.6219641404935,477.49443514526365,477.8548465786421
5.0399999999999805,-34.3717571553,-4.09448335527,17.458694135,6.01672346137,0.845710327908,0.0,-21.460690823,-2.39800522081,-7.59770812495,-0.117345709322,0.0163036979768,0.0,486.68293551459885,486.937014629231,486.84334830243864,485.9962710862349
